Algorithm,Distance,Time,Distance90,Time90,Distance50,Time50,pos
aco,35.850,88.12877,24.191,64.38172,10.322,29.13130,1
aco,33.511,91.12687,23.788,71.32529,10.032,34.14763,1
nearest_neighbour,32.992,51.39138,24.326,38.98598,8.587,15.85267,1
nearest_neighbour,31.837,49.52222,24.866,39.85749,8.613,15.85960,1
apf,60.778,111.17908,59.016,107.43199,51.248,92.85015,1
apf,30.996,59.92751,27.695,53.95276,21.492,42.10553,1
apf,32.009,59.89982,29.058,54.36486,21.874,40.85494,1
apf,34.888,67.03761,31.765,59.40590,25.247,47.93654,1
sweep,38.873,54.07382,26.163,35.88471,15.721,21.95224,1
sweep,39.956,55.71784,28.656,39.39772,17.093,23.70963,1
spiral_2,36.555,57.28697,22.492,34.72085,7.991,13.76814,1
spiral_2,36.167,56.48256,22.409,34.82913,7.562,13.26866,1
mpc,20.124,54.12615,16.198,46.20762,8.073,27.85475,1
mpc,22.966,70.81723,21.549,67.66228,12.328,45.89682,1
mpc_path,20.073,93.50550,16.311,80.73945,9.858,57.67092,1
mpc_path,43.438,234.19279,42.307,230.32805,30.860,192.32369,1
mpc_no_apf,26.596,104.89361,20.693,91.02596,12.247,68.22917,1
mpc_no_apf,34.960,157.74300,30.077,145.14326,20.811,121.26072,1
mpc_no_apf,19.725,72.65364,18.766,69.19913,9.170,42.52636,1
mpc_no_apf,24.588,98.01308,17.115,80.69994,11.790,61.89668,1
aco,32.999,86.11189,21.963,67.46883,8.020,30.35634,2
aco,30.181,96.38841,23.099,73.37437,12.379,37.20284,2
nearest_neighbour,35.839,55.30477,23.747,37.95024,7.743,14.78381,2
nearest_neighbour,35.849,55.01710,23.310,37.40744,7.733,14.75186,2
apf,48.050,89.26522,46.732,86.42259,36.864,67.82086,2
apf,48.107,87.48043,46.379,83.76772,36.965,66.41921,2
sweep,38.796,53.71204,29.594,40.03364,17.498,23.62192,2
sweep,39.060,54.24905,29.672,40.15188,17.556,23.73334,2
spiral_2,37.344,56.98722,22.999,34.04345,7.859,12.82827,2
spiral_2,36.788,55.34509,23.448,34.47332,7.933,12.82575,2
mpc,23.107,53.55110,18.674,44.67627,9.206,22.92165,2
mpc,16.773,44.95954,15.024,41.87190,5.948,21.12424,2
mpc_path,34.908,181.69272,31.326,170.37616,22.819,142.71282,2
mpc_path,19.776,82.59883,15.499,70.07731,7.123,40.09980,2
mpc_no_apf,20.863,65.54812,14.731,50.96006,7.777,31.59999,2

nearest_neighbour,37.464,60.78284,26.693,44.34292,9.164,17.93125,1aco,36.017,107.11787,26.263,85.93695,10.421,37.29336
sweep,54.223,72.57164,44.639,59.79627,22.088,29.69175
spiral_2,33.563,51.40578,25.676,39.10595,14.327,21.92341
mpc,28.604,98.69924,23.596,85.87802,8.699,43.71460
mpc_no_apf,33.121,138.12592,29.334,128.69685,14.085,87.62618
nearest_neighbour,34.986,57.13326,25.293,41.68391,11.333,20.02314
aco,34.225,105.00961,25.321,78.12532,10.935,38.41571
sweep,47.920,65.17140,38.954,53.57500,21.439,29.25900
spiral_2,33.954,51.70695,26.440,40.31626,14.340,21.63275
mpc,30.161,111.16008,23.238,93.30533,11.721,61.21114
mpc_no_apf,27.578,94.98281,24.141,86.60065,13.743,53.30358
aco,36.443,108.03768,25.025,78.41957,12.167,40.78078
sweep,64.715,88.90474,50.709,69.13367,28.267,37.35198
spiral_2,37.971,60.96463,25.496,41.01507,14.518,23.83313
mpc,33.693,120.35816,26.280,102.44493,10.383,60.94743
mpc_no_apf,29.526,99.09144,20.095,74.37052,7.849,40.62335
aco,37.139,114.95267,26.317,93.37839,10.180,33.63049
sweep,53.881,76.56046,41.489,58.78058,22.495,33.43585
spiral_2,39.602,59.45080,25.651,37.86647,15.129,22.20857
mpc,34.957,81.80273,23.976,66.10057,8.876,30.81585
mpc_no_apf,30.889,126.10801,24.838,111.09679,12.506,75.87927
aco,34.166,113.87732,27.752,93.99776,11.000,33.81636
sweep,50.003,76.03904,41.285,57.18182,22.706,32.25140
spiral_2,39.491,62.60704,25.392,39.36334,14.200,22.77643
mpc,33.041,92.97027,24.887,74.80089,8.923,36.06262
mpc_no_apf,28.824,95.62898,26.838,90.89745,7.734,37.92702
